MODEL_ETHA0: 0.000000
MODEL_B: 1084.795077
MODEL_VLOS: 0.383872
MODEL_LAMBDADOPP: 0.000000
MODEL_AA: 0.000000
MODEL_GM: 140.671562
MODEL_AZI: 79.268161
MODEL_S0: -839.116914
MODEL_S1: 0.000000
MODEL_MAC: 0.000000
MODEL_ALFA: 0.000000
NUMBER ITERATIONS TO CONVERGE: 0
Chisqrf 0.000000e+00

