MODEL_ETHA0: 0.000000
MODEL_B: 457.130262
MODEL_VLOS: 0.519623
MODEL_LAMBDADOPP: 0.000000
MODEL_AA: 0.000000
MODEL_GM: 95.402552
MODEL_AZI: 177.087013
MODEL_S0: -43.040031
MODEL_S1: 0.000000
MODEL_MAC: 0.000000
MODEL_ALFA: 0.000000
NUMBER ITERATIONS TO CONVERGE: 0
Chisqrf 0.000000e+00

