MODEL_ETHA0: 3.210099
MODEL_B: 38.432030
MODEL_VLOS: 0.602944
MODEL_LAMBDADOPP: 0.024212
MODEL_AA: 3.032427
MODEL_GM: 83.605629
MODEL_AZI: 168.159219
MODEL_S0: 0.560970
MODEL_S1: 0.636242
MODEL_MAC: 0.000000
MODEL_ALFA: 1.000000
NUMBER ITERATIONS TO CONVERGE: 15
Chisqrf 1.336946e+02


