MODEL_ETHA0: 0.000000
MODEL_B: 947.963175
MODEL_VLOS: 2.116288
MODEL_LAMBDADOPP: 0.000000
MODEL_AA: 0.000000
MODEL_GM: 76.579738
MODEL_AZI: 175.287464
MODEL_S0: 220.014578
MODEL_S1: 0.000000
MODEL_MAC: 0.000000
MODEL_ALFA: 0.000000
NUMBER ITERATIONS TO CONVERGE: 0
Chisqrf 0.000000e+00

