MODEL_ETHA0: 0.000000
MODEL_B: 1142.274422
MODEL_VLOS: 0.614513
MODEL_LAMBDADOPP: 0.000000
MODEL_AA: 0.000000
MODEL_GM: 109.346129
MODEL_AZI: 150.782170
MODEL_S0: -378.405980
MODEL_S1: 0.000000
MODEL_MAC: 0.000000
MODEL_ALFA: 0.000000
NUMBER ITERATIONS TO CONVERGE: 0
Chisqrf 0.000000e+00

