MODEL_ETHA0: 0.000000
MODEL_B: 934.879819
MODEL_VLOS: 0.287791
MODEL_LAMBDADOPP: 0.000000
MODEL_AA: 0.000000
MODEL_GM: 117.691606
MODEL_AZI: 46.501102
MODEL_S0: -434.450178
MODEL_S1: 0.000000
MODEL_MAC: 0.000000
MODEL_ALFA: 0.000000
NUMBER ITERATIONS TO CONVERGE: 0
Chisqrf 0.000000e+00

