MODEL_ETHA0: 19.993443
MODEL_B: 1099.995069
MODEL_VLOS: 0.199998
MODEL_LAMBDADOPP: 0.030002
MODEL_AA: 0.050010
MODEL_GM: 119.999849
MODEL_AZI: 150.001759
MODEL_S0: 0.349999
MODEL_S1: 0.500016
MODEL_MAC: 0.999922
MODEL_ALFA: 1.000000
NUMBER ITERATIONS TO CONVERGE: 9
Chisqrf 5.708572e-05

