MODEL_ETHA0: 12.917383
MODEL_B: 1199.609353
MODEL_VLOS: 0.050011
MODEL_LAMBDADOPP: 0.070902
MODEL_AA: 0.052386
MODEL_GM: 169.954509
MODEL_AZI: 25.017033
MODEL_S0: 0.245590
MODEL_S1: 0.754390
MODEL_MAC: 1.973044
MODEL_ALFA: 1.000000
NUMBER ITERATIONS TO CONVERGE: 100
Chisqrf 1.458965e-04

