MODEL_ETHA0: 2.321326
MODEL_B: 1196.032995
MODEL_VLOS: 0.050225
MODEL_LAMBDADOPP: 0.098180
MODEL_AA: 0.101022
MODEL_GM: 169.008408
MODEL_AZI: 24.761211
MODEL_S0: 0.000100
MODEL_S1: 0.998808
MODEL_MAC: 0.118645
MODEL_ALFA: 1.000000
NUMBER ITERATIONS TO CONVERGE: 100
Chisqrf 3.474216e-01

