MODEL_ETHA0: 13.021751
MODEL_B: 1199.646702
MODEL_VLOS: 0.050010
MODEL_LAMBDADOPP: 0.070809
MODEL_AA: 0.052181
MODEL_GM: 169.958996
MODEL_AZI: 25.014555
MODEL_S0: 0.246052
MODEL_S1: 0.753943
MODEL_MAC: 1.975566
MODEL_ALFA: 1.000000
NUMBER ITERATIONS TO CONVERGE: 90
Chisqrf 9.827084e-05

