MODEL_ETHA0: 3.735017
MODEL_B: 35.692976
MODEL_VLOS: 0.607862
MODEL_LAMBDADOPP: 0.018142
MODEL_AA: 4.415933
MODEL_GM: 15.268783
MODEL_AZI: 157.554095
MODEL_S0: 0.473030
MODEL_S1: 0.725802
MODEL_MAC: 0.509675
MODEL_ALFA: 1.000000
NUMBER ITERATIONS TO CONVERGE: 100
Chisqrf 1.283973e+02

