MODEL_ETHA0: 23.249941
MODEL_B: 1244.129278
MODEL_VLOS: 0.114862
MODEL_LAMBDADOPP: 0.025003
MODEL_AA: 0.188720
MODEL_GM: 107.627191
MODEL_AZI: 97.116867
MODEL_S0: 0.285563
MODEL_S1: 0.517683
MODEL_MAC: 2.045702
MODEL_ALFA: 1.000000
NUMBER ITERATIONS TO CONVERGE: 36
Chisqrf 1.459289e+01

