MODEL_ETHA0: 2.152583
MODEL_B: 91.231061
MODEL_VLOS: -0.040544
MODEL_LAMBDADOPP: 0.028800
MODEL_AA: 0.772318
MODEL_GM: 103.721330
MODEL_AZI: 33.527663
MODEL_S0: 0.000404
MODEL_S1: 1.176772
MODEL_MAC: 1.000000
MODEL_ALFA: 1.000000
NUMBER ITERATIONS TO CONVERGE: 40
Chisqrf 2.074174e+01

