MODEL_ETHA0: 36.990565
MODEL_B: 1203.017671
MODEL_VLOS: -0.330994
MODEL_LAMBDADOPP: 0.021876
MODEL_AA: 0.324245
MODEL_GM: 118.369353
MODEL_AZI: 152.358729
MODEL_S0: 0.317961
MODEL_S1: 0.490952
MODEL_MAC: 1.728015
MODEL_ALFA: 1.000000
NUMBER ITERATIONS TO CONVERGE: 10
Chisqrf 2.434787e+01

