MODEL_ETHA0: 23.077802
MODEL_B: 1244.169852
MODEL_VLOS: 0.114728
MODEL_LAMBDADOPP: 0.025046
MODEL_AA: 0.188081
MODEL_GM: 107.624215
MODEL_AZI: 97.123138
MODEL_S0: 0.284987
MODEL_S1: 0.518079
MODEL_MAC: 2.047968
MODEL_ALFA: 1.000000
NUMBER ITERATIONS TO CONVERGE: 45
Chisqrf 1.443900e+01

