MODEL_ETHA0: 23.078665
MODEL_B: 1244.130141
MODEL_VLOS: 0.114755
MODEL_LAMBDADOPP: 0.025046
MODEL_AA: 0.188073
MODEL_GM: 107.624516
MODEL_AZI: 97.119000
MODEL_S0: 0.284987
MODEL_S1: 0.518080
MODEL_MAC: 2.048017
MODEL_ALFA: 1.000000
NUMBER ITERATIONS TO CONVERGE: 42
Chisqrf 1.443899e+01

